recon:
  mu: [0.01367, 0, 0]
  var_scale: [0.00117, 0.00625, 0.1]

scand:
  mu: [0.015, 0, 0]
  var_scale: [0.005, 0.003, 0.1]

sacson:
  mu: [0.005, 0, 0]
  var_scale: [0.01, 0.01, 0.1]

